2.0     1       1.756   1       0.82    0.66    14      24
1.826   4       0.51    2       0.55    0.37    15      16
1.768   2       3.626   1       0.27    0.64    14      3
1.188   4       4.0     2       0.86    0.35    16      4
1.884   1       1.881   1       0.7     0.72    8       29
1.942   4       1.258   2       0.53    0.39    3       44
1.42    2       3.875   2       0.25    0.68    8       45
1.13    3       3.751   2       0.84    0.41    4       50
1.362   2       0.884   2       0.72    0.45    0       10
1.536   3       1.133   2       0.39    0.6     2       19
1.478   2       3.003   3       0.47    0.29    3       9
1.594   3       2.629   3       0.74    0.88    9       21
1.246   1       0.759   2       0.64    0.33    19      39
1.71    3       1.507   3       0.35    0.62    19      36
1.304   2       3.377   3       0.49    0.25    13      38
1.652   3       2.379   3       0.78    0.84    11      33
1.072   3       2.006   2       0.57    0.57    10      26
0.143   4       2.255   3       0.33    0.49    6       27
0.317   1       3.501   2       0.6     0.78    5       35
0.375   3       0.385   3       0.88    0.51    6       48
0.955   1       0.011   2       0.29    0.8     4       47
0.259   4       2.13    3       0.45    0.43    12      22
0.201   1       2.753   2       0.62    0.76    17      7
0.723   3       0.136   3       0.9     0.47    13      6
1.013   2       0.26    2       0.31    0.74    16      1
0.781   3       3.127   2       0.43    0.7     20      41
0.607   2       2.878   2       0.76    0.55    18      32
0.665   3       1.008   1       0.68    0.86    18      42
0.549   2       1.382   1       0.41    0.27    11      30
0.897   4       3.252   2       0.51    0.82    1       12
0.433   2       2.504   1       0.8     0.53    1       15
0.839   3       0.634   1       0.66    0.9     7       13
0.491   2       1.632   1       0.37    0.31    9       18
0.317   2       0.759   3       0.66    0.7     9       50
2.0     1       1.507   2       0.37    0.74    6       45
0.955   4       0.634   1       0.64    0.72    1       16
1.768   4       1.632   3       0.35    0.78    1       22
0.201   2       0.884   2       0.72    0.51    11      4
1.884   2       1.133   2       0.39    0.35    18      3
1.013   4       1.008   1       0.68    0.49    18      44
1.42    4       1.382   3       0.41    0.39    20      27
0.607   2       2.13    2       0.45    0.25    4       30
1.362   2       2.753   1       0.6     0.31    8       42
0.549   3       3.875   2       0.29    0.33    3       19
1.478   3       3.751   3       0.88    0.55    8       12
0.433   2       2.255   2       0.33    0.88    16      18
1.246   2       3.501   1       0.62    0.86    14      13
0.491   4       3.626   2       0.25    0.68    15      36
1.304   3       4.0     3       0.84    0.62    13      41
1.826   3       3.252   1       0.49    0.45    11      1
0.143   4       2.504   2       0.78    0.41    14      6
1.188   1       3.377   3       0.51    0.43    19      35
0.375   1       2.379   1       0.8     0.37    19      29
1.942   3       3.127   2       0.43    0.64    9       47
0.259   3       2.878   2       0.76    0.8     3       48
1.13    1       3.003   3       0.47    0.66    2       7
0.723   1       2.629   1       0.74    0.76    0       24
1.536   3       1.881   2       0.7     0.9     16      21
0.781   3       1.258   3       0.55    0.84    13      9
1.594   2       0.136   2       0.86    0.82    17      32
0.665   2       0.26    2       0.27    0.6     12      39
1.71    3       1.756   2       0.82    0.27    4       33
0.897   3       0.51    3       0.53    0.29    6       38
1.652   1       0.385   2       0.9     0.47    5       15
0.839   2       0.011   1       0.31    0.53    7       10
0.955   2       3.501   2       0.7     0.55    20      35
0.375   2       1.881   1       0.74    0.45    18      22
1.826   1       0.136   2       0.72    0.27    6       48
2.0     2       3.751   1       0.78    0.29    9       6
1.013   2       2.753   2       0.51    0.62    1       7
0.723   2       1.756   1       0.35    0.82    1       27
1.942   2       0.011   2       0.49    0.84    18      1
1.884   2       3.626   2       0.39    0.9     11      47
0.549   3       2.878   2       0.25    0.37    12      30
0.665   3       0.884   2       0.31    0.49    17      10
1.536   4       1.382   1       0.33    0.35    8       32
1.362   4       3.003   3       0.55    0.51    4       9
0.491   3       2.379   1       0.88    0.76    7       15
0.839   4       0.634   2       0.86    0.72    5       39
1.71    4       1.507   1       0.68    0.74    14      18
1.246   4       3.252   3       0.62    0.68    16      38
1.188   3       0.51    2       0.45    0.6     0       16
1.768   3       2.13    3       0.41    0.7     2       29
0.317   4       3.875   2       0.43    0.88    14      3
0.143   3       0.26    3       0.37    0.86    11      45
1.13    3       1.258   2       0.64    0.53    19      44
1.42    3       2.255   3       0.8     0.33    19      24
0.201   3       4.0     2       0.66    0.31    3       50
0.259   3       0.385   3       0.76    0.25    9       4
1.594   2       1.133   2       0.9     0.78    8       21
1.478   2       3.127   2       0.84    0.66    3       41
0.607   1       2.629   3       0.82    0.8     13      19
0.781   1       1.008   1       0.6     0.64    16      42
1.652   2       1.632   3       0.27    0.39    13      36
1.304   1       3.377   2       0.29    0.43    15      12
0.433   1       2.504   3       0.47    0.41    6       33
0.897   1       0.759   1       0.53    0.47    4       13
